 <pre>

 Contingency table for Visibility (m)
 Selection: ALL    715 stations
Period: 20240423-20240429
Used {00,06,12,18} + 00 01 ... 12
 Limits    1000.00000       5000.00000       10000.0000       20000.0000    
 Each class is data <= limit, the very last > last limit
 Total number of values      210818
                                     OBSERVATION
                                   1259     1595      977     1025      750 |      5606
                                   1106     7097     4661     4839     4573 |     22276
                           Ref      537     2042     4193     9119    11816 |     27707
                                    325     1294     3567    11844    32071 |     49101
                                    478     1407     5503    24075    74665 |    106128

                    SUM            3705    13435    18901    50902   123875 |    210818
                                     OBSERVATION
                                    740      915      593      622      577 |      3447
                                   1833     8220     6723     9092     9024 |     34892
                       Highres      466     1929     3338     8005    14167 |     27905
                                    305     1139     3523    12964    37094 |     55025
                                    361     1232     4724    20219    63013 |     89549

                    SUM            3705    13435    18901    50902   123875 |    210818

