 <pre>

 Contingency table for Cloud base (m)
 Selection: ALL    635 stations
Period: 20240423-20240429
Used {00,06,12,18} + 01 02 ... 12
 Limits    70.0000000       150.000000       300.000000       600.000000       1000.00000       1500.00000       2500.00000       5000.00000    
 Each class is data <= limit, the very last > last limit
 Total number of values      143282
                                                       OBSERVATION
                                   1447     1742      984      348      269      138      156      154      387 |      5625
                                    580     1872     1746      561      183       63       42       29       35 |      5111
                                    372     1635     3741     1995      527      156       78       40       91 |      8635
                                    255      843     4053     6572     2821      821      391      149      239 |     16144
                           Ref      185      414     1549     4023     6451     3044     1152      322      567 |     17707
                                    109      173      630     1545     2824     5334     2828      600      632 |     14675
                                     87      188      514      999     1596     2671     6154     1907      919 |     15035
                                     64       82      182      437      754     1057     2289     3488      423 |      8776
                                    507      350      868     2175     4577     5924     8109     9463    19601 |     51574

                    SUM            3606     7299    14267    18655    20002    19208    21199    16152    22894 |    143282
                                                       OBSERVATION
                                   1065     1279      821      275      162       74       99      130      296 |      4201
                                    429     1334     1233      417      114       42       35       21       30 |      3655
                                    504     1856     3445     1841      514      167      108       56       36 |      8527
                                    290      910     3353     4382     1713      456      259      109      149 |     11621
                       Highres      180      514     1660     3559     3922     1615      589      206      307 |     12552
                                    230      353     1137     2329     3937     4732     2285      617      652 |     16272
                                    150      339      872     1699     2603     3941     6407     2255     1379 |     19645
                                     77      134      256      645     1032     1351     2634     3545      763 |     10437
                                    681      580     1490     3508     6005     6830     8783     9213    19282 |     56372

                    SUM            3606     7299    14267    18655    20002    19208    21199    16152    22894 |    143282

