 <pre>

 Contingency table for Visibility (m)
 Selection: METCOOP    267 stations
Period: 20240423-20240429
Used {00,06,12,18} + 00 01 ... 12
 Limits    1000.00000       5000.00000       10000.0000       20000.0000    
 Each class is data <= limit, the very last > last limit
 Total number of values       86122
                                     OBSERVATION
                                    878     1135      536      546      579 |      3674
                                    697     5314     3122     2787     3488 |     15408
                           Ref      305      656     1152     2112     4973 |      9198
                                    233      588      916     2593    13030 |     17360
                                    327      637     1186     5662    32670 |     40482

                    SUM            2440     8330     6912    13700    54740 |     86122
                                     OBSERVATION
                                    540      695      326      386      468 |      2415
                                   1203     5598     3498     3953     5881 |     20133
                       Highres      277      938     1113     2008     5913 |     10249
                                    214      539      926     2571    13649 |     17899
                                    206      560     1049     4782    28829 |     35426

                    SUM            2440     8330     6912    13700    54740 |     86122

