 <pre>

 Contingency table for Low clouds (octas)
 Selection: METCOOP    231 stations
Period: 20240423-20240429
Used {00,06,12,18} + 01 02 ... 12
 Limits    1.00000000       2.00000000       3.00000000       4.00000000       5.00000000       6.00000000       7.00000000    
 Each class is data <= limit, the very last > last limit
 Total number of values       64331
                                              OBSERVATION
                                  13268      567      503      430      386      379      771     1475 |     17779
                                    992      146      160      132      152      109      286      612 |      2589
                                    701      126      114      133      111      119      231      595 |      2130
                           Ref      608      135      119      116      130       99      274      642 |      2123
                                    471      135      122      127      132      130      289      735 |      2141
                                    510      159      154      145      162      147      381      920 |      2578
                                    579      247      243      207      230      241      602     1532 |      3881
                                   1538     1209     1280     1295     1249     1411     4125    19003 |     31110

                    SUM           18667     2724     2695     2585     2552     2635     6959    25514 |     64331
                                              OBSERVATION
                                  13446      719      593      531      565      511     1159     2555 |     20079
                                    852      148      172      166      139      116      275      704 |      2572
                                    575      133      131      124      125      117      240      647 |      2092
                       Highres      519      138       91      106       93      103      236      628 |      1914
                                    495      100      111      108      104      105      285      649 |      1957
                                    429      126      124      147      114       96      355      796 |      2187
                                    564      181      213      180      194      198      497     1336 |      3363
                                   1787     1179     1260     1223     1218     1389     3912    18199 |     30167

                    SUM           18667     2724     2695     2585     2552     2635     6959    25514 |     64331

