 <pre>

 Contingency table for Cloud cover (octas)
 Selection: ALL    386 stations
Period: 20240423-20240429
Used {00,06,12,18} + 01 02 ... 12
 Limits   0.500000000       1.50000000       2.50000000       3.50000000       4.50000000       5.50000000       6.50000000       7.50000000    
 Each class is data <= limit, the very last > last limit
 Total number of values       80109
                                                       OBSERVATION
                                   4489      904      866      584      379      367      442      421      800 |      9252
                                    922      305      359      299      250      337      420      549      916 |      4357
                                    509      187      245      211      193      248      359      482      910 |      3344
                                    381      145      172      217      183      245      360      520     1001 |      3224
                           Ref      351      129      162      193      194      290      393      584     1174 |      3470
                                    284      110      197      193      182      318      440      759     1423 |      3906
                                    308      135      164      196      212      312      507     1024     1931 |      4789
                                    462      218      256      261      256      405      774     1633     3347 |      7612
                                    930      541      646      605      706     1139     2186     7432    25970 |     40155

                    SUM            8636     2674     3067     2759     2555     3661     5881    13404    37472 |     80109
                                                       OBSERVATION
                                   4595      968      941      637      459      452      523      562     1279 |     10416
                                    889      275      362      293      262      337      396      561     1021 |      4396
                                    461      172      209      210      203      254      381      520      978 |      3388
                                    328      125      164      167      142      224      329      482      950 |      2911
                       Highres      305      119      152      155      111      247      297      542     1009 |      2937
                                    299      118      140      145      154      237      373      540     1157 |      3163
                                    282      121      149      185      164      297      448      768     1594 |      4008
                                    420      201      223      233      260      339      630     1314     2682 |      6302
                                   1057      575      727      734      800     1274     2504     8115    26802 |     42588

                    SUM            8636     2674     3067     2759     2555     3661     5881    13404    37472 |     80109

