 <pre>

 Contingency table for Low clouds (octas)
 Selection: ALL    624 stations
Period: 20240423-20240429
Used {00,06,12,18} + 01 02 ... 12
 Limits    1.00000000       2.00000000       3.00000000       4.00000000       5.00000000       6.00000000       7.00000000    
 Each class is data <= limit, the very last > last limit
 Total number of values      146398
                                              OBSERVATION
                                  38703     2348     1790     1155     1129     1104     1775     2901 |     50905
                                   2459      496      466      396      403      325      694     1217 |      6456
                                   1747      379      355      347      323      321      644     1181 |      5297
                           Ref     1509      404      401      346      406      341      732     1286 |      5425
                                   1190      414      381      350      365      420      772     1476 |      5368
                                   1238      422      418      363      419      443      956     1790 |      6049
                                   1416      592      633      510      612      691     1485     3038 |      8977
                                   3454     2495     2685     2354     2691     3156     8457    32629 |     57921

                    SUM           51716     7550     7129     5821     6348     6801    15515    45518 |    146398
                                              OBSERVATION
                                  38930     2698     2017     1413     1501     1371     2529     4713 |     55172
                                   2357      485      502      423      393      401      726     1433 |      6720
                                   1459      367      390      314      361      341      622     1229 |      5083
                       Highres     1243      339      323      280      305      336      604     1247 |      4677
                                   1128      295      300      282      285      337      686     1299 |      4612
                                   1055      347      335      325      326      332      819     1551 |      5090
                                   1369      475      538      442      463      523     1224     2463 |      7497
                                   4175     2544     2724     2342     2714     3160     8305    31583 |     57547

                    SUM           51716     7550     7129     5821     6348     6801    15515    45518 |    146398

