 <pre>

 Contingency table for Cloud base (m)
 Selection: METCOOP    235 stations
Period: 20240423-20240429
Used {00,06,12,18} + 01 02 ... 12
 Limits    70.0000000       150.000000       300.000000       600.000000       1000.00000       1500.00000       2500.00000       5000.00000    
 Each class is data <= limit, the very last > last limit
 Total number of values       63306
                                                       OBSERVATION
                                   1126     1379      780      238      154       90       98       50      146 |      4061
                                    468     1406     1262      324       84       41       31       14       26 |      3656
                                    251     1083     2416     1061      243       62       42       11       82 |      5251
                                    150      566     2554     3443     1219      368      155       45      167 |      8667
                           Ref      111      274      958     1864     2413     1237      398       84      298 |      7637
                                     64      128      400      647      916     2072     1039      128      281 |      5675
                                     55      156      346      411      463     1016     2525      560      327 |      5859
                                     48       70      123      198      262      466     1011     1103      247 |      3528
                                    321      294      565      919     1487     2309     3237     1988     7852 |     18972

                    SUM            2594     5356     9404     9105     7241     7661     8536     3983     9426 |     63306
                                                       OBSERVATION
                                    874     1022      641      197       86       47       77       56      149 |      3149
                                    334      992      845      242       57       21       29       17       18 |      2555
                                    374     1280     2292      928      213       91       60       21       31 |      5290
                                    181      617     2113     2323      777      236      110       39      102 |      6498
                       Highres      104      346     1003     1647     1527      605      204       42      169 |      5647
                                    141      235      713     1040     1356     1797      751      138      333 |      6504
                                     97      265      595      795      866     1664     2480      689      567 |      8018
                                     53      115      175      268      371      610     1202     1090      463 |      4347
                                    436      484     1027     1665     1988     2590     3623     1891     7594 |     21298

                    SUM            2594     5356     9404     9105     7241     7661     8536     3983     9426 |     63306

